USE 24 GAUSSIANS WITH RMS-RADIUS OF  0.600

  RADII OF GAUSSIANS

   0.000000 0.400000 0.800000 1.200000 1.600000 2.000000 2.400000 2.800000 3.200000 3.600000

   4.000000 4.400000 4.800000 5.200000 5.600000 6.000000 6.500000 7.000000 7.500000 8.000000

   8.500000 9.000000 9.500000 10.00000

  AMPLITUDES FOR CHARGE (c0)

   0.001586 0.153416 0.177804 0.198969 0.145431 0.097231 0.067972 0.050103 0.025602 0.025764

   0.017142 0.012376 0.008021 0.006033 0.003642 0.003163 0.002188 0.001342 0.000851 0.000538

   0.000333 0.000217 0.000126 0.000100

  AMPLITUDES FOR CHARGE (c2)

   0.046513 0.138087 0.181425 0.174011 0.139929 0.091150 0.070100 0.047832 0.031397 0.025241

   0.016786 0.012042 0.007777 0.005819 0.003497 0.003023 0.002082 0.001270 0.000802 0.000503

   0.000311 0.000200 0.000116 0.000090

  AMPLITUDES OF MAGNETIC (m1)

   0.043842 0.159966 0.182563 0.177163 0.120109 0.103085 0.067460 0.038359 0.031553 0.023661

   0.015861 0.011489 0.007484 0.005640 0.003418 0.002971 0.002063 0.001265 0.000805 0.000508

   0.000316 0.000204 0.000121 0.000093

  Parameters are for C0, C2 and M1